---
img/posts/01.jpg: 2021-06-15 13:21:39.699627987 +02:00
img/posts/04.jpg: 2021-06-15 13:21:40.515627989 +02:00
img/posts/02.jpg: 2021-06-15 13:21:41.635627994 +02:00
img/posts/03.jpg: 2021-06-15 13:21:42.847628004 +02:00
img/posts/06.jpg: 2021-06-15 13:21:44.067628015 +02:00
img/posts/05.jpg: 2021-06-15 13:21:45.023628028 +02:00
img/bg-index.jpg: 2021-06-15 13:21:45.951628041 +02:00
img/bg-post.jpg: 2021-06-15 13:21:46.763628055 +02:00
img/bg-about.jpg: 2021-06-15 13:21:48.131628081 +02:00
img/bg-contact.jpg: 2021-06-15 13:21:49.011628100 +02:00
