---
img/posts/01.jpg: 2021-12-19 22:08:37.065421700 +01:00
img/posts/04.jpg: 2021-12-05 12:42:00.429660800 +01:00
img/posts/02.jpg: 2021-12-19 22:08:35.395421700 +01:00
img/posts/03.jpg: 2021-12-05 12:42:00.429660800 +01:00
img/posts/06.jpg: 2021-12-19 22:08:40.065421700 +01:00
img/posts/05.jpg: 2021-12-05 12:42:00.429660800 +01:00
img/bg-index.jpg: 2021-12-05 12:42:00.429660800 +01:00
img/bg-post.jpg: 2021-12-05 12:42:00.429660800 +01:00
img/bg-about.jpg: 2021-12-19 22:08:32.565421700 +01:00
img/bg-contact.jpg: 2021-12-05 12:42:00.429660800 +01:00
